61
403184.85976047 4129174.43679934
403183.23101973 4129173.09082464
403181.93378019 4129172.05170473
403180.40342330 4129170.78226494
403179.27856009 4129169.31950832
403176.39022102 4129166.35699276
403172.41605498 4129162.24195692
403167.05037395 4129156.60067445
403161.82674220 4129150.97994505
403156.06878825 4129145.14347719
403151.31163601 4129140.00558187
403146.37517546 4129134.69222743
403141.76982874 4129129.65244546
403137.31089492 4129125.01042609
403133.14570252 4129120.47597169
403128.30977537 4129116.19338540
403124.38168135 4129111.46756285
403120.14583158 4129106.95612349
403116.08144503 4129102.70900529
403111.86408141 4129098.26393163
403108.16573718 4129095.01121650
403103.41327546 4129090.28384174
403098.64552950 4129085.00185033
403094.73757558 4129079.72101196
403090.86264344 4129072.69773382
403088.77344888 4129066.03106123
403087.50025171 4129059.41042922
403086.40647959 4129053.74197092
403085.66055060 4129045.96126405
403085.59999398 4129038.42783491
403085.88713341 4129031.06791840
403086.27574116 4129024.05080171
403091.01524179 4129019.22473104
403097.08586771 4129021.42917503
403097.61241940 4129027.86981360
403094.55089981 4129033.69729573
403091.08825685 4129039.32969261
403088.12474832 4129045.20042740
403086.76922571 4129051.38543958
403088.12347118 4129058.11609309
403089.80806893 4129065.05374787
403091.76959332 4129071.41121175
403094.04105603 4129076.97728056
403098.77258105 4129082.95873145
403103.12481406 4129088.33429623
403107.92093940 4129093.77130472
403112.90240234 4129099.13959683
403118.13086527 4129103.63955357
403122.85646696 4129108.34505504
403128.28695054 4129113.45295723
403133.44601333 4129119.61811348
403138.68997387 4129125.46050946
403144.34892631 4129131.16495958
403149.78310175 4129136.59461398
403155.31655333 4129142.17846693
403160.66451287 4129148.58556554
403165.31426488 4129154.40155839
403170.79104298 4129160.45210469
403176.42143943 4129165.99046664
403181.83206170 4129171.68671500
403185.20821762 4129174.67688249
