36
477720.1908242 3964550.6001653
477720.0485874 3964555.0924761
477719.9062111 3964559.5293312
477719.9723127 3964564.2540332
477720.1372706 3964568.7788438
477720.3469164 3964573.1149907
477720.5278152 3964576.7968269
477720.5916807 3964580.6342354
477715.5440499 3964584.8727185
477712.5003016 3964584.9802114
477708.1379278 3964585.1464860
477703.2422927 3964585.1810125
477698.1484151 3964585.4045929
477693.7959137 3964585.9035869
477688.7199901 3964586.0827624
477684.5546836 3964585.5941681
477682.0173138 3964582.3397474
477681.7813913 3964578.3364047
477681.4457454 3964574.1891277
477681.0739127 3964570.0197596
477680.8551869 3964565.6725451
477680.5548029 3964561.1813507
477680.4523255 3964556.3680108
477682.7463623 3964552.6799283
477685.5024950 3964549.5563335
477688.5302257 3964546.6760616
477692.4330654 3964543.3721157
477696.8157314 3964540.4995196
477700.1849209 3964536.9085511
477702.9758530 3964533.2524946
477706.1563120 3964530.0391066
477709.3465329 3964527.1140673
477714.3033045 3964526.2364560
477718.7648157 3964525.9701137
477721.0597706 3964522.6369589
477722.1588889 3964517.9093213
